function [y,g]=G4(x)
x1=x(:,1);
x2=x(:,2);
x3=x(:,3);
x4=x(:,4);
x5=x(:,5);
u=85.334407+0.0056858*x2.*x5+0.0006262*x1.*x4-0.0022053*x3.*x5;
v=80.51249+0.0071317*x2.*x5+0.0029955*x1.*x2+0.0021813*x3.^2;
w=9.300961+0.0047026*x3.*x5+0.0012547*x1.*x3+0.0019085*x3.*x4;
y=5.3578547*x3.^2+0.8356891*x1.*x5+37.293239*x1-40792.141;
g1=u-92;
g2=-u;
g3=v-110;
g4=-v+90;
g5=w-25;
g6=-w+20;
g=[g1,g2,g3,g4,g5,g6];